1 0 0 
4 0 0 
5 0 0 
6 -1 -5 
7 -5 -7 
16 0 0 
17 0 0 
18 -1 -5 
19 -5 -7 
20 0 0 
21 0 0 
22 -1 -5 
23 -5 -7 
24 -4 -20 
25 -4 -20 
26 -5 -25 
27 -9 -27 
28 -20 -28 
29 -20 -28 
30 -21 -33 
31 -25 -35 
64 0 0 
65 0 0 
66 -1 -5 
67 -5 -7 
68 0 0 
69 0 0 
70 -1 -5 
71 -5 -7 
72 -4 -20 
73 -4 -20 
74 -5 -25 
75 -9 -27 
76 -20 -28 
77 -20 -28 
78 -21 -33 
79 -25 -35 
80 0 0 
81 0 0 
82 -1 -5 
83 -5 -7 
84 0 0 
85 0 0 
86 -1 -5 
87 -5 -7 
88 -4 -20 
89 -4 -20 
90 -5 -25 
91 -9 -27 
92 -20 -28 
93 -20 -28 
94 -21 -33 
95 -25 -35 
96 -16 -80 
97 -16 -80 
98 -17 -85 
99 -21 -87 
100 -16 -80 
101 -16 -80 
102 -17 -85 
103 -21 -87 
104 -20 -100 
105 -20 -100 
106 -21 -105 
107 -25 -107 
108 -36 -108 
109 -36 -108 
110 -37 -113 
111 -41 -115 
112 -80 -112 
113 -80 -112 
114 -81 -117 
115 -85 -119 
116 -80 -112 
117 -80 -112 
118 -81 -117 
119 -85 -119 
120 -84 -132 
121 -84 -132 
122 -85 -137 
123 -89 -139 
124 -100 -140 
125 -100 -140 
126 -101 -145 
127 -105 -147 
256 0 0 
257 0 0 
258 -1 -5 
259 -5 -7 
260 0 0 
261 0 0 
262 -1 -5 
263 -5 -7 
264 -4 -20 
265 -4 -20 
266 -5 -25 
267 -9 -27 
268 -20 -28 
269 -20 -28 
270 -21 -33 
