1 10 11 
100 1000 1100 
101 1010 1111 
110 1011 1101 
111 1001 1110 
10000 100000 110000 
10001 100010 110011 
10010 100011 110001 
10011 100001 110010 
10100 101000 111100 
10101 101010 111111 
10110 101011 111101 
10111 101001 111110 
11000 101100 110100 
11001 101110 110111 
11010 101111 110101 
11011 101101 110110 
11100 100100 111000 
11101 100110 111011 
11110 100111 111001 
11111 100101 111010 
1000000 10000000 11000000 
1000001 10000010 11000011 
1000010 10000011 11000001 
1000011 10000001 11000010 
1000100 10001000 11001100 
1000101 10001010 11001111 
1000110 10001011 11001101 
1000111 10001001 11001110 
1001000 10001100 11000100 
1001001 10001110 11000111 
1001010 10001111 11000101 
1001011 10001101 11000110 
1001100 10000100 11001000 
1001101 10000110 11001011 
1001110 10000111 11001001 
1001111 10000101 11001010 
1010000 10100000 11110000 
1010001 10100010 11110011 
1010010 10100011 11110001 
1010011 10100001 11110010 
1010100 10101000 11111100 
1010101 10101010 11111111 
1010110 10101011 11111101 
1010111 10101001 11111110 
1011000 10101100 11110100 
1011001 10101110 11110111 
1011010 10101111 11110101 
1011011 10101101 11110110 
1011100 10100100 11111000 
1011101 10100110 11111011 
1011110 10100111 11111001 
1011111 10100101 11111010 
1100000 10110000 11010000 
1100001 10110010 11010011 
1100010 10110011 11010001 
1100011 10110001 11010010 
1100100 10111000 11011100 
1100101 10111010 11011111 
1100110 10111011 11011101 
1100111 10111001 11011110 
1101000 10111100 11010100 
1101001 10111110 11010111 
1101010 10111111 11010101 
1101011 10111101 11010110 
1101100 10110100 11011000 
1101101 10110110 11011011 
1101110 10110111 11011001 
1101111 10110101 11011010 
1110000 10010000 11100000 
1110001 10010010 11100011 
1110010 10010011 11100001 
1110011 10010001 11100010 
1110100 10011000 11101100 
1110101 10011010 11101111 
1110110 10011011 11101101 
1110111 10011001 11101110 
1111000 10011100 11100100 
1111001 10011110 11100111 
1111010 10011111 11100101 
1111011 10011101 11100110 
1111100 10010100 11101000 
1111101 10010110 11101011 
1111110 10010111 11101001 
1111111 10010101 11101010 
100000000 1000000000 1100000000 
100000001 1000000010 1100000011 
100000010 1000000011 1100000001 
100000011 1000000001 1100000010 
100000100 1000001000 1100001100 
100000101 1000001010 1100001111 
100000110 1000001011 1100001101 
100000111 1000001001 1100001110 
100001000 1000001100 1100000100 
100001001 1000001110 1100000111 
100001010 1000001111 1100000101 
100001011 1000001101 1100000110 
100001100 1000000100 1100001000 
100001101 1000000110 1100001011 
100001110 1000000111 1100001001 
